###Fixtures

0 192.168.1.50
1 192.168.1.51
2 192.168.1.52
3 192.168.1.53

###Lights

0-0-0 0.330182333333333 -0.458142000000014 0.936578833333333
0-0-6 0.206484333333333 -0.332568000000006 0.953967666666667
0-0-7 0.2321175 -0.374426000000008 0.95324
0-0-8 0.257750666666667 -0.416284000000011 0.952512333333333
0-0-9 0.283383833333333 -0.458142000000014 0.951784666666667
0-0-4 0.414843666666667 -0.290710000000003 0.878666166666667
0-0-5 0.180851166666667 -0.290710000000003 0.954695333333333
0-0-3 0.393678333333333 -0.332568000000006 0.893144333333333
0-0-1 0.351347666666667 -0.416284000000011 0.922100666666667
0-0-2 0.372513 -0.374426000000008 0.9076225
0-0-10 0.2020165 -0.248852 0.940217166666667
0-0-13 0.342412 -0.248852 0.894599666666667
0-0-12 0.2956135 -0.248852 0.9098055
0-0-16 0.236001333333333 -0.118141333333333 0.885575
0-0-18 0.195609666666667 -0.183496666666667 0.920499
0-0-19 0.175413833333333 -0.216174333333333 0.937961
0-0-14 0.3892105 -0.248852 0.879393833333333
0-0-17 0.2158055 -0.150819 0.903037
0-0-15 0.256197166666667 -0.0854636666666667 0.868113
0-0-11 0.248815 -0.248852 0.925011333333333
0-0-20 0.444003166666667 -0.206994166666667 0.8395845
0-0-25 0.302995666666667 -0.0854636666666667 0.852907166666667
0-0-23 0.467985666666667 -0.0814206666666666 0.765774
0-0-26 0.329598333333333 -0.118141333333333 0.855163333333333
0-0-29 0.409406333333333 -0.216174333333333 0.861931833333333
0-0-22 0.4599915 -0.1232785 0.7903775
0-0-24 0.475979833333333 -0.0395628333333333 0.7411705
0-0-27 0.356201 -0.150819 0.8574195
0-0-28 0.382803666666667 -0.183496666666667 0.859675666666667
0-0-21 0.451997333333333 -0.165136333333333 0.814981
0-0-33 0.414780333333333 -0.0160653333333333 0.761261666666667
0-0-32 0.3801835 -0.0252455 0.783609
0-0-30 0.310989833333333 -0.0436058333333333 0.828303666666667
0-0-36 0.247349 0.0874133333333333 0.761261666666667
0-0-39 0.269132 -0.0177361666666667 0.828303666666667
0-0-34 0.449377166666667 -0.00688516666666662 0.738914333333333
0-0-31 0.345586666666667 -0.0344256666666666 0.805956333333333
0-0-37 0.25461 0.0523635 0.783609
0-0-35 0.240088 0.122463166666667 0.738914333333333
0-0-38 0.261871 0.0173136666666667 0.805956333333333
0-0-44 0.442116166666667 0.0281646666666667 0.716567
0-0-43 0.400258333333333 0.0540343333333334 0.716567
0-0-42 0.3584005 0.079904 0.716567
0-0-46 0.375751666666667 0.201575666666667 0.589343
0-0-48 0.304289333333333 0.179544333333333 0.652955
0-0-47 0.3400205 0.19056 0.621149
0-0-40 0.274684833333333 0.131643333333333 0.716567
0-0-49 0.268558166666667 0.168528666666667 0.684761
0-0-45 0.411482833333333 0.212591333333333 0.557537
0-0-41 0.316542666666667 0.105773666666667 0.716567
0-1-2 0.5860825 0.014013 0.6082835
0-1-0 0.518010166666667 0.00620100000000003 0.6804725
0-1-1 0.552046333333333 0.010107 0.644378
0-1-6 0.459467333333333 0.149836333333333 0.589343
0-1-8 0.471720666666667 0.0760656666666667 0.652955
0-1-9 0.477847333333333 0.0391803333333334 0.684761
0-1-4 0.654154833333333 0.021825 0.5360945
0-1-7 0.465594 0.112951 0.621149
0-1-3 0.620118666666667 0.017919 0.572189
0-1-5 0.453340666666667 0.186721666666667 0.557537
0-1-15 0.487376833333333 0.190627666666667 0.5214425
0-1-10 0.679858666666667 0.0587103333333333 0.460477666666667
0-1-17 0.5677025 0.124669 0.5128655
0-1-18 0.607865333333333 0.0916896666666666 0.508577
0-1-19 0.648028166666667 0.0587103333333333 0.5042885
0-1-12 0.663194 0.124669 0.381433
0-1-16 0.527539666666667 0.157648333333333 0.517154
0-1-14 0.646529333333333 0.190627666666667 0.302388333333333
0-1-13 0.654861666666667 0.157648333333333 0.341910666666667
0-1-11 0.671526333333333 0.0916896666666666 0.420955333333333
0-1-22 0.5427055 0.223607 0.3942985
0-1-24 0.6063665 0.223607 0.306676833333333
0-1-27 0.4045085 0.309017 0.3942985
0-1-28 0.418743666666667 0.280547 0.438109333333333
0-1-29 0.432978833333333 0.252077 0.481920166666667
0-1-23 0.574536 0.223607 0.350487666666667
0-1-26 0.390273333333333 0.337487 0.350487666666667
0-1-21 0.510875 0.223607 0.438109333333333
0-1-20 0.4790445 0.223607 0.481920166666667
0-1-25 0.376038166666667 0.365957 0.306676833333333
0-1-30 0.619452666666667 0.244781 0.219054999999999
0-1-33 0.563219666666667 0.308303 0.087621999999997
0-1-31 0.600708333333333 0.265955 0.175243999999998
0-1-38 0.546065666666667 0.280547 0.262866
0-1-39 0.592131333333333 0.252077 0.262866
0-1-34 0.544475333333333 0.329477 0.0438109999999962
0-1-35 0.407868666666667 0.365957 0.262866
0-1-37 0.5 0.309017 0.262866
0-1-36 0.453934333333333 0.337487 0.262866
0-1-32 0.581964 0.287129 0.131432999999998
0-1-43 0.434203333333333 0.389750333333333 -5.55805666666667E-15
0-1-44 0.479967166666667 0.370200666666667 -5.06423833333333E-15
0-1-40 0.296911833333333 0.448399333333333 -7.03951166666667E-15
0-1-41 0.342675666666667 0.428849666666667 -6.54569333333333E-15
0-1-47 0.3064755 0.431188 0.131432999999996
0-1-49 0.2695905 0.455695333333333 0.0438109999999937
0-1-48 0.288033 0.443441666666667 0.087621999999995
0-1-42 0.3884395 0.4093 -6.051875E-15
0-1-45 0.3433605 0.406680666666667 0.219054999999999
0-1-46 0.324918 0.418934333333333 0.175243999999997
0-2-3 0.471088333333333 0.365243 0.087621999999997
0-2-1 0.416445666666667 0.379835 0.175243999999998
0-2-0 0.389124333333333 0.387131 0.219054999999999
0-2-2 0.443767 0.372539 0.131432999999998
0-2-4 0.498409666666667 0.357947 0.0438109999999962
0-2-5 0.09175075 0.448399333333333 0.28238
0-2-9 0.14831815 0.370200666666667 0.456476
0-2-8 0.1341763 0.389750333333333 0.412952
0-2-12 0.21970595 0.431188 0.250861
0-2-11 0.267071633333333 0.418934333333333 0.254862666666667
0-2-13 0.172340266666667 0.443441666666667 0.246859333333333
0-2-14 0.124974583333333 0.455695333333333 0.242857666666667
0-2-7 0.12003445 0.4093 0.369428
0-2-10 0.314437316666667 0.406680666666667 0.258864333333333
0-2-6 0.1058926 0.428849666666667 0.325904
0-2-15 0.328579166666667 0.387131 0.302388333333333
0-2-17 0.2621315 0.372539 0.381433
0-2-19 0.195683833333333 0.357947 0.460477666666667
0-2-16 0.295355333333333 0.379835 0.341910666666667
0-2-18 0.228907666666667 0.365243 0.420955333333333
0-2-23 0.352296 0.265955 0.517154
0-2-21 0.257378 0.308303 0.508577
0-2-22 0.304837 0.287129 0.5128655
0-2-20 0.209919 0.329477 0.5042885
0-2-24 0.399755 0.244781 0.5214425
0-2-25 0.174187833333333 0.318461333333333 0.5360945
0-2-28 0.209371333333333 0.221892333333333 0.644378
0-2-29 0.221099166666667 0.189702666666667 0.6804725
0-2-26 0.185915666666667 0.286271666666667 0.572189
0-2-27 0.1976435 0.254082 0.6082835
0-2-31 0.0189624 0.265955 0.625460666666667
0-2-32 0.0548368 0.287129 0.5940955
0-2-30 -0.016912 0.244781 0.656825833333333
0-2-37 -0.0954917 0.309017 0.556758
0-2-38 -0.0812566 0.280547 0.600569
0-2-39 -0.0670215 0.252077 0.64438
0-2-33 0.0907112 0.308303 0.562730333333333
0-2-36 -0.1097268 0.337487 0.512947
0-2-35 -0.1239619 0.365957 0.469136
0-2-34 0.1265856 0.329477 0.531365166666667
0-2-40 -0.0880875 0.387131 0.437770833333333
0-2-43 0.062241 0.365243 0.475108333333333
0-2-44 0.1123505 0.357947 0.487554166666667
0-2-42 0.0121315 0.372539 0.4626625
0-2-41 -0.037978 0.379835 0.450216666666667
0-2-46 -0.1095857 0.467949 0.178032666666667
0-3-0 -0.149028 0.406680666666667 0.379041
0-3-1 -0.159859 0.418934333333333 0.332757
0-3-2 -0.17069 0.431188 0.286473
0-3-3 -0.181521 0.443441666666667 0.240189
0-2-49 0.03081025 0.467949 0.223650166666667
0-3-4 -0.192352 0.455695333333333 0.193905
0-2-47 -0.06278705 0.467949 0.1932385
0-2-48 -0.0159884 0.467949 0.208444333333333
0-2-45 -0.15638435 0.467949 0.162826833333333
0-3-5 -0.10222935 0.406680666666667 0.394246833333333
0-3-7 -0.03029405 0.431188 0.3320905
0-3-6 -0.0662617 0.418934333333333 0.363168666666667
0-3-9 0.04164125 0.455695333333333 0.269934166666667
0-3-8 0.0056736 0.443441666666667 0.301012333333333
0-3-13 0.0837160000000137 0.489316333333333 -9.02441666666667E-15
0-3-11 0.167432000000007 0.478632666666667 -8.27887333333333E-15
0-3-15 0.106532083333333 0.467949 0.199046666666665
0-3-16 0.135455266666667 0.467949 0.159237333333331
0-3-18 0.193301633333333 0.467949 0.0796186666666616
0-3-19 0.222224816666667 0.467949 0.0398093333333271
0-3-12 0.12557400000001 0.4839745 -8.651645E-15
0-3-17 0.16437845 0.467949 0.119427999999996
0-3-14 0.0418580000000172 0.494658166666667 -9.39718833333333E-15
0-3-10 0.209290000000003 0.473290833333333 -7.90610166666667E-15
0-3-21 0.0517392666666735 0.478632666666667 0.15923733333333
0-3-24 0.0129348166666838 0.494658166666667 0.0398093333333252
0-3-20 0.0646740833333368 0.473290833333333 0.199046666666665
0-3-23 0.0258696333333471 0.489316333333333 0.0796186666666601
0-3-22 0.0388044500000103 0.4839745 0.119427999999995
0-3-26 -0.0677276666666529 0.489316333333333 -0.0492070000000065
0-3-28 -0.135455333333326 0.478632666666667 -0.0984140000000033
0-3-32 -0.10159149999999 0.4839745 0.0738104999999951
0-3-31 -0.135455333333326 0.478632666666667 0.0984139999999968
0-3-34 -0.0338638333333162 0.494658166666667 0.0246034999999919
0-3-25 -0.0338638333333162 0.494658166666667 -0.0246035000000081
0-3-33 -0.0677276666666529 0.489316333333333 0.0492069999999935
0-3-27 -0.10159149999999 0.4839745 -0.0738105000000049
0-3-29 -0.169319166666663 0.473290833333333 -0.123017500000002
0-3-30 -0.169319166666663 0.473290833333333 0.123017499999998
0-3-37 -0.3251985 0.431188 -0.0738105000000088
0-3-40 -0.203183 0.467949 0.098414
0-3-38 -0.365870333333333 0.418934333333333 -0.0492070000000117
0-3-41 -0.203183 0.467949 0.049207
0-3-43 -0.203183 0.467949 -0.049207
0-3-44 -0.203183 0.467949 -0.098414
0-3-36 -0.284526666666667 0.443441666666667 -0.0984140000000059
0-3-42 -0.203183 0.467949 0
0-3-35 -0.243854833333333 0.455695333333333 -0.123017500000003
0-3-39 -0.406542166666667 0.406680666666667 -0.0246035000000146
0-3-45 -0.443565833333333 0.387131 0.0515028333333187
0-3-46 -0.439917666666667 0.379835 0.103005666666655
0-4-1 -0.284526666666667 0.443441666666667 0.0984139999999941
0-4-2 -0.3251985 0.431188 0.0738104999999912
0-4-3 -0.365870333333333 0.418934333333333 0.0492069999999883
0-3-47 -0.4362695 0.372539 0.154508499999991
0-4-4 -0.406542166666667 0.406680666666667 0.0246034999999854
0-3-49 -0.428973166666667 0.357947 0.257514166666664
0-3-48 -0.432621333333333 0.365243 0.206011333333327
0-4-0 -0.243854833333333 0.455695333333333 0.123017499999997
0-4-8 -0.351277666666667 0.389750333333333 0.255218333333333
0-4-6 -0.277230333333333 0.428849666666667 0.201419666666667
0-4-9 -0.388301333333333 0.370200666666667 0.282117666666667
0-4-5 -0.240206666666667 0.448399333333333 0.174520333333333
0-4-7 -0.314254 0.4093 0.228319
0-4-10 -0.414738 0.329477 0.355478333333333
0-4-12 -0.393564 0.287129 0.448401
0-4-16 -0.233906333333333 0.379835 0.386555666666667
0-4-17 -0.281761 0.372539 0.367171
0-4-19 -0.377470333333333 0.357947 0.328401666666667
0-4-11 -0.404151 0.308303 0.401939666666667
0-4-18 -0.329615666666667 0.365243 0.347786333333333
0-4-13 -0.382977 0.265955 0.494862333333333
0-4-15 -0.186051666666667 0.387131 0.405940333333333
0-4-14 -0.37239 0.244781 0.541323666666667
0-4-20 -0.175464666666667 0.365957 0.452401666666667
0-4-21 -0.212732333333333 0.337487 0.479478333333333
0-4-22 -0.25 0.309017 0.506555
0-4-23 -0.287267666666667 0.280547 0.533631666666667
0-4-24 -0.324535333333333 0.252077 0.560708333333333
0-4-26 -0.192839466666667 0.0916896666666666 0.768741666666667
0-4-28 -0.122812933333333 0.157648333333333 0.728466333333333
0-4-31 -0.328824 0.157648333333333 0.661529
0-4-32 -0.3123345 0.124669 0.698401
0-4-34 -0.2793555 0.0587103333333333 0.772145
0-4-29 -0.0877996666666667 0.190627666666667 0.708328666666667
0-4-30 -0.3453135 0.190627666666667 0.624657
0-4-33 -0.295845 0.0916896666666666 0.735273
0-4-27 -0.1578262 0.124669 0.748604
0-4-25 -0.227852733333333 0.0587103333333333 0.788879333333333
0-4-36 -0.258797466666667 0.223607 0.621253666666667
0-4-38 -0.155791933333333 0.223607 0.654722333333333
0-4-37 -0.2072947 0.223607 0.637988
0-4-39 -0.104289166666667 0.223607 0.671456666666667
0-4-35 -0.310300233333333 0.223607 0.604519333333333
0-4-42 -0.5707435 0.079904 0.5622905
0-4-44 -0.596613166666667 0.131643333333333 0.482672166666667
0-4-43 -0.583678333333333 0.105773666666667 0.522481333333333
0-4-46 -0.418515 0.149836333333333 0.619096
0-4-48 -0.475227 0.0760656666666667 0.650407
0-4-49 -0.503583 0.0391803333333334 0.6660625
0-4-40 -0.544873833333333 0.0281646666666667 0.641908833333333
0-4-41 -0.557808666666667 0.0540343333333334 0.602099666666667
0-4-47 -0.446871 0.112951 0.6347515
0-4-45 -0.390159 0.186721666666667 0.6034405
0-5-1 -0.444384666666667 0.201575666666667 0.539477666666667
0-5-2 -0.4856755 0.19056 0.515324
0-5-0 -0.403093833333333 0.212591333333333 0.563631333333333
0-5-3 -0.526966333333333 0.179544333333333 0.491170333333333
0-5-4 -0.568257166666667 0.168528666666667 0.467016666666667
0-5-6 -0.629972 0.179544333333333 0.349395333333333
0-5-7 -0.640184 0.19056 0.3026615
0-5-8 -0.650396 0.201575666666667 0.255927666666667
0-5-11 -0.486732666666667 0.286271666666667 0.353632333333333
0-5-13 -0.548140333333333 0.221892333333333 0.398247666666667
0-5-14 -0.578844166666667 0.189702666666667 0.420555333333333
0-5-10 -0.456028833333333 0.318461333333333 0.331324666666667
0-5-9 -0.660608 0.212591333333333 0.209193833333333
0-5-12 -0.5174365 0.254082 0.37594
0-5-5 -0.61976 0.168528666666667 0.396129166666667
0-5-15 -0.466240833333333 0.329477 0.284590833333333
0-5-18 -0.588988333333333 0.265955 0.211312333333333
0-5-16 -0.507156666666667 0.308303 0.260164666666667
0-5-19 -0.629904166666667 0.244781 0.186886166666667
0-5-17 -0.5480725 0.287129 0.2357385
0-5-20 -0.67082 0.223607 -0.108306666666667
0-5-25 -0.484481666666667 0.365957 -0.0270766666666813
0-5-26 -0.521749333333333 0.337487 -0.054153333333345
0-5-28 -0.596284666666667 0.280547 -0.108306666666673
0-5-29 -0.633552333333333 0.252077 -0.135383333333336
0-5-23 -0.67082 0.223607 0.0541533333333333
0-5-27 -0.559017 0.309017 -0.0812300000000088
0-5-24 -0.67082 0.223607 0.108306666666667
0-5-21 -0.67082 0.223607 -0.0541533333333333
0-5-22 -0.67082 0.223607 0
0-5-30 -0.484481666666667 0.365957 0.027076666666652
0-5-31 -0.521749333333333 0.337487 0.0541533333333216
0-5-33 -0.596284666666667 0.280547 0.108306666666661
0-5-34 -0.633552333333333 0.252077 0.13538333333333
0-5-32 -0.559017 0.309017 0.0812299999999912
0-5-35 -0.443565833333333 0.387131 -0.051502833333348
0-5-38 -0.432621333333333 0.365243 -0.206011333333339
0-5-36 -0.439917666666667 0.379835 -0.103005666666678
0-5-37 -0.4362695 0.372539 -0.154508500000009
0-5-39 -0.428973166666667 0.357947 -0.25751416666667
0-5-40 -0.240206666666667 0.448399333333333 -0.174520333333333
0-5-42 -0.314254 0.4093 -0.228319
0-5-47 -0.17069 0.431188 -0.286473
0-5-48 -0.181521 0.443441666666667 -0.240189
0-5-49 -0.192352 0.455695333333333 -0.193905
0-5-41 -0.277230333333333 0.428849666666667 -0.201419666666667
0-5-46 -0.159859 0.418934333333333 -0.332757
0-5-44 -0.388301333333333 0.370200666666667 -0.282117666666667
0-5-45 -0.149028 0.406680666666667 -0.379041
0-5-43 -0.351277666666667 0.389750333333333 -0.255218333333333
0-6-1 -0.650396 0.201575666666667 -0.255927666666667
0-6-3 -0.629972 0.179544333333333 -0.349395333333333
0-6-0 -0.660608 0.212591333333333 -0.209193833333333
0-6-6 -0.507156666666667 0.308303 -0.260164666666667
0-6-7 -0.5480725 0.287129 -0.2357385
0-6-9 -0.629904166666667 0.244781 -0.186886166666667
0-6-4 -0.61976 0.168528666666667 -0.396129166666667
0-6-5 -0.466240833333333 0.329477 -0.284590833333333
0-6-8 -0.588988333333333 0.265955 -0.211312333333333
0-6-2 -0.640184 0.19056 -0.3026615
0-6-14 -0.578844166666667 0.189702666666667 -0.420555333333333
0-6-10 -0.456028833333333 0.318461333333333 -0.331324666666667
0-6-15 -0.37239 0.244781 -0.541323666666667
0-6-16 -0.382977 0.265955 -0.494862333333333
0-6-17 -0.393564 0.287129 -0.448401
0-6-11 -0.486732666666667 0.286271666666667 -0.353632333333333
0-6-19 -0.414738 0.329477 -0.355478333333333
0-6-13 -0.548140333333333 0.221892333333333 -0.398247666666667
0-6-18 -0.404151 0.308303 -0.401939666666667
0-6-12 -0.5174365 0.254082 -0.37594
0-6-22 -0.281761 0.372539 -0.367171
0-6-20 -0.186051666666667 0.387131 -0.405940333333333
0-6-23 -0.329615666666667 0.365243 -0.347786333333333
0-6-21 -0.233906333333333 0.379835 -0.386555666666667
0-6-24 -0.377470333333333 0.357947 -0.328401666666667
0-6-26 -0.155791933333333 0.223607 -0.654722333333333
0-6-28 -0.258797466666667 0.223607 -0.621253666666667
0-6-27 -0.2072947 0.223607 -0.637988
0-6-32 -0.0954917 0.309017 -0.556758
0-6-33 -0.0812566 0.280547 -0.600569
0-6-34 -0.0670215 0.252077 -0.64438
0-6-29 -0.310300233333333 0.223607 -0.604519333333333
0-6-31 -0.1097268 0.337487 -0.512947
0-6-30 -0.1239619 0.365957 -0.469136
0-6-25 -0.104289166666667 0.223607 -0.671456666666667
0-6-38 -0.287267666666667 0.280547 -0.533631666666667
0-6-39 -0.324535333333333 0.252077 -0.560708333333333
0-6-37 -0.25 0.309017 -0.506555
0-6-36 -0.212732333333333 0.337487 -0.479478333333333
0-6-35 -0.175464666666667 0.365957 -0.452401666666667
0-6-45 -0.403093833333333 0.212591333333333 -0.563631333333333
0-6-41 -0.583678333333333 0.105773666666667 -0.522481333333333
0-6-46 -0.444384666666667 0.201575666666667 -0.539477666666667
0-6-48 -0.526966333333333 0.179544333333333 -0.491170333333333
0-6-49 -0.568257166666667 0.168528666666667 -0.467016666666667
0-6-43 -0.557808666666667 0.0540343333333334 -0.602099666666667
0-6-40 -0.596613166666667 0.131643333333333 -0.482672166666667
0-6-47 -0.4856755 0.19056 -0.515324
0-6-44 -0.544873833333333 0.0281646666666667 -0.641908833333333
0-6-42 -0.5707435 0.079904 -0.5622905
0-7-1 -0.418515 0.149836333333333 -0.619096
0-7-4 -0.503583 0.0391803333333334 -0.6660625
0-7-6 -0.295845 0.0916896666666666 -0.735273
0-7-7 -0.3123345 0.124669 -0.698401
0-7-8 -0.328824 0.157648333333333 -0.661529
0-7-3 -0.475227 0.0760656666666667 -0.650407
0-7-9 -0.3453135 0.190627666666667 -0.624657
0-7-5 -0.2793555 0.0587103333333333 -0.772145
0-7-2 -0.446871 0.112951 -0.6347515
0-7-0 -0.390159 0.186721666666667 -0.6034405
0-7-13 -0.165362666666667 0.017919 -0.827407333333333
0-7-12 -0.116611 0.014013 -0.8366025
0-7-17 -0.0115712 0.112951 -0.7761895
0-7-18 0.0021672 0.0760656666666667 -0.805522333333333
0-7-19 0.0159056 0.0391803333333334 -0.834855166666667
0-7-15 -0.039048 0.186721666666667 -0.717523833333333
0-7-16 -0.0253096 0.149836333333333 -0.746856666666667
0-7-14 -0.214114333333333 0.021825 -0.818212166666667
0-7-11 -0.0678593333333333 0.010107 -0.845797666666667
0-7-10 -0.0191076666666667 0.00620100000000003 -0.854992833333333
0-7-23 -0.192839466666667 0.0916896666666666 -0.768741666666667
0-7-24 -0.227852733333333 0.0587103333333333 -0.788879333333333
0-7-22 -0.1578262 0.124669 -0.748604
0-7-21 -0.122812933333333 0.157648333333333 -0.728466333333333
0-7-20 -0.0877996666666667 0.190627666666667 -0.708328666666667
0-7-28 0.137622533333333 0.179544333333333 -0.707108333333333
0-7-29 0.185224766666667 0.168528666666667 -0.711837666666667
0-7-31 0.0907112 0.308303 -0.562730333333333
0-7-32 0.0548368 0.287129 -0.5940955
0-7-33 0.0189624 0.265955 -0.625460666666667
0-7-34 -0.016912 0.244781 -0.656825833333333
0-7-26 0.0424180666666667 0.201575666666667 -0.697649666666667
0-7-30 0.1265856 0.329477 -0.531365166666667
0-7-27 0.0900203 0.19056 -0.702379
0-7-25 -0.00518416666666666 0.212591333333333 -0.692920333333333
0-7-36 -0.037978 0.379835 -0.450216666666667
0-7-39 0.1123505 0.357947 -0.487554166666667
0-7-38 0.062241 0.365243 -0.475108333333333
0-7-41 0.0056736 0.443441666666667 -0.301012333333333
0-7-40 0.04164125 0.455695333333333 -0.269934166666667
0-7-44 -0.10222935 0.406680666666667 -0.394246833333333
0-7-35 -0.0880875 0.387131 -0.437770833333333
0-7-43 -0.0662617 0.418934333333333 -0.363168666666667
0-7-37 0.0121315 0.372539 -0.4626625
0-7-42 -0.03029405 0.431188 -0.3320905
0-7-46 -0.0159884 0.467949 -0.208444333333333
0-7-45 0.03081025 0.467949 -0.223650166666667
0-7-48 -0.1095857 0.467949 -0.178032666666667
0-7-49 -0.15638435 0.467949 -0.162826833333333
0-7-47 -0.06278705 0.467949 -0.1932385
1-0-0 0.222224816666667 0.467949 -0.0398093333333396
1-0-1 0.193301633333333 0.467949 -0.0796186666666717
1-0-5 0.3433605 0.406680666666667 -0.219055000000001
1-0-6 0.324918 0.418934333333333 -0.175244000000003
1-0-8 0.288033 0.443441666666667 -0.087622000000005
1-0-9 0.2695905 0.455695333333333 -0.0438110000000063
1-0-4 0.106532083333333 0.467949 -0.199046666666668
1-0-7 0.3064755 0.431188 -0.131433000000004
1-0-3 0.135455266666667 0.467949 -0.159237333333336
1-0-2 0.16437845 0.467949 -0.119428000000004
1-0-12 0.0388044500000103 0.4839745 -0.119428000000005
1-0-14 0.0646740833333368 0.473290833333333 -0.199046666666668
1-0-11 0.025869633333347 0.489316333333333 -0.0796186666666732
1-0-10 0.0129348166666838 0.494658166666667 -0.0398093333333415
1-0-13 0.0517392666666735 0.478632666666667 -0.159237333333337
1-0-19 0.14831815 0.370200666666667 -0.456476
1-0-17 0.12003445 0.4093 -0.369428
1-0-18 0.1341763 0.389750333333333 -0.412952
1-0-23 0.172340266666667 0.443441666666667 -0.246859333333333
1-0-24 0.124974583333333 0.455695333333333 -0.242857666666667
1-0-20 0.314437316666667 0.406680666666667 -0.258864333333333
1-0-21 0.267071633333333 0.418934333333333 -0.254862666666667
1-0-16 0.1058926 0.428849666666667 -0.325904
1-0-22 0.21970595 0.431188 -0.250861
1-0-15 0.09175075 0.448399333333333 -0.28238
1-0-25 0.399755 0.244781 -0.5214425
1-0-28 0.257378 0.308303 -0.508577
1-0-31 0.390273333333333 0.337487 -0.350487666666667
1-0-33 0.418743666666667 0.280547 -0.438109333333333
1-0-34 0.432978833333333 0.252077 -0.481920166666667
1-0-26 0.352296 0.265955 -0.517154
1-0-32 0.4045085 0.309017 -0.3942985
1-0-30 0.376038166666667 0.365957 -0.306676833333333
1-0-29 0.209919 0.329477 -0.5042885
1-0-27 0.304837 0.287129 -0.5128655
1-0-36 0.295355333333333 0.379835 -0.341910666666667
1-0-38 0.228907666666667 0.365243 -0.420955333333333
1-0-35 0.328579166666667 0.387131 -0.302388333333333
1-0-37 0.2621315 0.372539 -0.381433
1-0-39 0.195683833333333 0.357947 -0.460477666666667
1-0-40 0.544475333333333 0.329477 -0.0438110000000038
1-0-45 0.389124333333333 0.387131 -0.219055000000001
1-0-47 0.443767 0.372539 -0.131433000000002
1-0-48 0.471088333333333 0.365243 -0.087622000000003
1-0-49 0.498409666666667 0.357947 -0.0438110000000038
1-0-41 0.563219666666667 0.308303 -0.087622000000003
1-0-46 0.416445666666667 0.379835 -0.175244000000002
1-0-43 0.600708333333333 0.265955 -0.175244000000002
1-0-42 0.581964 0.287129 -0.131433000000002
1-0-44 0.619452666666667 0.244781 -0.219055000000001
1-1-2 0.5 0.309017 -0.262866
1-1-4 0.592131333333333 0.252077 -0.262866
1-1-1 0.453934333333333 0.337487 -0.262866
1-1-3 0.546065666666667 0.280547 -0.262866
1-1-0 0.407868666666667 0.365957 -0.262866
1-1-5 0.648028166666667 0.0587103333333333 -0.5042885
1-1-11 0.654861666666667 0.157648333333333 -0.341910666666667
1-1-12 0.663194 0.124669 -0.381433
1-1-13 0.671526333333333 0.0916896666666666 -0.420955333333333
1-1-14 0.679858666666667 0.0587103333333333 -0.460477666666667
1-1-7 0.5677025 0.124669 -0.5128655
1-1-6 0.607865333333333 0.0916896666666666 -0.508577
1-1-9 0.487376833333333 0.190627666666667 -0.5214425
1-1-10 0.646529333333333 0.190627666666667 -0.302388333333333
1-1-8 0.527539666666667 0.157648333333333 -0.517154
1-1-19 0.4790445 0.223607 -0.481920166666667
1-1-17 0.5427055 0.223607 -0.3942985
1-1-16 0.574536 0.223607 -0.350487666666667
1-1-15 0.6063665 0.223607 -0.306676833333333
1-1-18 0.510875 0.223607 -0.438109333333333
1-1-20 0.657404666666667 0.212591333333333 -0.219055
1-1-21 0.676612333333333 0.201575666666667 -0.175244000000001
1-1-24 0.734235333333333 0.168528666666667 -0.0438110000000019
1-1-23 0.715027666666667 0.179544333333333 -0.0876220000000015
1-1-22 0.69582 0.19056 -0.131433000000001
1-1-28 0.677539 0.221892333333333 -3.05928E-15
1-1-27 0.639587 0.254082 -3.437065E-15
1-1-25 0.563683 0.318461333333333 -4.192635E-15
1-1-26 0.601635 0.286271666666667 -3.81485E-15
1-1-29 0.715491 0.189702666666667 -2.681495E-15
1-1-30 0.766377833333333 0.131643333333333 0.0398093333333314
1-1-33 0.805182333333333 0.0540343333333334 0.159237333333333
1-1-35 0.657404666666667 0.212591333333333 0.219055
1-1-36 0.676612333333333 0.201575666666667 0.175243999999999
1-1-37 0.69582 0.19056 0.131432999999999
1-1-39 0.734235333333333 0.168528666666667 0.0438109999999981
1-1-34 0.818117166666667 0.0281646666666667 0.199046666666666
1-1-32 0.7922475 0.079904 0.119427999999999
1-1-38 0.715027666666667 0.179544333333333 0.0876219999999985
1-1-31 0.779312666666667 0.105773666666667 0.0796186666666651
1-1-40 0.6703395 0.186721666666667 0.258864333333333
1-1-41 0.702482 0.149836333333333 0.254862666666667
1-1-42 0.7346245 0.112951 0.250861
1-1-43 0.766767 0.0760656666666667 0.246859333333333
1-1-44 0.7989095 0.0391803333333334 0.242857666666667
1-1-48 0.783431666666667 0.010107 0.325904
1-1-46 0.735811333333333 0.017919 0.412952
1-1-49 0.807241833333333 0.00620100000000003 0.28238
1-2-1 0.803932333333333 -0.140494333333333 0.450216666666667
1-2-4 0.717126333333333 -0.0158253333333334 0.487554166666667
1-1-47 0.7596215 0.014013 0.369428
1-2-2 0.774997 -0.098938 0.4626625
1-2-3 0.746061666666667 -0.0573816666666667 0.475108333333333
1-1-45 0.712001166666667 0.021825 0.456476
1-2-0 0.832867666666667 -0.182050666666667 0.437770833333333
1-2-7 0.893839 -0.1232785 0.1932385
1-2-8 0.914768 -0.165136333333333 0.178032666666667
1-2-10 0.856677833333333 -0.185956666666667 0.394246833333333
1-2-11 0.851552666666667 -0.148306333333333 0.363168666666667
1-2-14 0.836177166666667 -0.0353553333333333 0.269934166666667
1-2-9 0.935697 -0.206994166666667 0.162826833333333
1-2-13 0.841302333333333 -0.0730056666666666 0.301012333333333
1-2-6 0.87291 -0.0814206666666666 0.208444333333333
1-2-12 0.8464275 -0.110656 0.3320905
1-2-5 0.851981 -0.0395628333333333 0.223650166666667
1-2-15 0.515115 -0.0353553333333333 0.711837666666667
1-2-17 0.577397 -0.110656 0.702379
1-2-18 0.608538 -0.148306333333333 0.697649666666667
1-2-19 0.639679 -0.185956666666667 0.692920333333333
1-2-16 0.546256 -0.0730056666666666 0.707108333333333
1-2-21 0.676610333333333 -0.140494333333333 0.625460666666667
1-2-23 0.682400666666667 -0.0573816666666667 0.562730333333333
1-2-20 0.673715166666667 -0.182050666666667 0.656825833333333
1-2-22 0.6795055 -0.098938 0.5940955
1-2-24 0.685295833333333 -0.0158253333333334 0.531365166666667
1-2-28 0.592549666666667 -0.232022 0.746856666666667
1-2-29 0.631684833333333 -0.2278145 0.717523833333333
1-2-27 0.5534145 -0.2362295 0.7761895
1-2-25 0.475144166666667 -0.2446445 0.834855166666667
1-2-26 0.514279333333333 -0.240437 0.805522333333333
1-2-30 0.601624166666667 -0.453934499999984 0.788879333333333
1-2-31 0.615463333333333 -0.407868999999987 0.768741666666667
1-2-35 0.772145 -0.499999999999983 0.624657
1-2-37 0.698401 -0.499999999999982 0.698401
1-2-39 0.624657 -0.499999999999981 0.772145
1-2-34 0.656980833333333 -0.269672499999997 0.708328666666667
1-2-36 0.735273 -0.499999999999982 0.661529
1-2-33 0.643141666666667 -0.315737999999994 0.728466333333333
1-2-38 0.661529 -0.499999999999982 0.735273
1-2-32 0.6293025 -0.36180349999999 0.748604
1-2-40 0.7026505 -0.223607 0.64438
1-2-45 0.785984166666667 -0.453934499999986 0.604519333333333
1-2-46 0.762951333333333 -0.407868999999989 0.621253666666667
1-2-48 0.716885666666667 -0.315737999999994 0.654722333333333
1-2-49 0.693852833333333 -0.269672499999997 0.671456666666667
1-2-44 0.8299725 -0.223607 0.469136
1-2-47 0.7399185 -0.361803499999991 0.637988
1-2-43 0.798142 -0.223607 0.512947
1-2-42 0.7663115 -0.223607 0.556758
1-2-41 0.734481 -0.223607 0.600569
1-3-1 0.826612333333333 -0.407868999999989 0.533631666666667
1-3-4 0.853005333333333 -0.269672499999997 0.452401666666667
1-3-6 0.903710333333333 -0.500000000000007 0.401939666666667
1-3-7 0.880037 -0.500000000000001 0.448401
1-3-9 0.832690333333333 -0.499999999999989 0.541323666666667
1-3-0 0.817814666666667 -0.453934499999986 0.560708333333333
1-3-2 0.83541 -0.361803499999991 0.506555
1-3-8 0.856363666666667 -0.499999999999995 0.494862333333333
1-3-3 0.844207666666667 -0.315737999999994 0.479478333333333
1-3-5 0.927383666666667 -0.500000000000013 0.355478333333333
1-3-14 0.541323666666667 -0.499999999999987 0.832690333333333
1-3-12 0.448401 -0.499999999999999 0.880037
1-3-13 0.494862333333333 -0.499999999999993 0.856363666666667
1-3-10 0.355478333333333 -0.500000000000011 0.927383666666667
1-3-11 0.401939666666667 -0.500000000000005 0.903710333333333
1-3-18 0.486601 -0.332567999999994 0.845797666666667
1-3-16 0.537193 -0.416283999999987 0.827407333333333
1-3-19 0.461305 -0.290709999999997 0.854992833333333
1-3-15 0.562489 -0.458141999999984 0.818212166666667
1-3-17 0.511897 -0.37442599999999 0.8366025
1-3-24 0.221099166666667 0.189702666666667 -0.6804725
1-3-23 0.209371333333333 0.221892333333333 -0.644378
1-3-20 0.174187833333333 0.318461333333333 -0.5360945
1-3-22 0.1976435 0.254082 -0.6082835
1-3-21 0.185915666666667 0.286271666666667 -0.572189
1-3-29 0.442116166666667 0.0281646666666667 -0.716567
1-3-25 0.274684833333333 0.131643333333333 -0.716567
1-3-31 0.375751666666667 0.201575666666667 -0.589343
1-3-32 0.3400205 0.19056 -0.621149
1-3-34 0.268558166666667 0.168528666666667 -0.684761
1-3-28 0.400258333333333 0.0540343333333334 -0.716567
1-3-33 0.304289333333333 0.179544333333333 -0.652955
1-3-27 0.3584005 0.079904 -0.716567
1-3-30 0.411482833333333 0.212591333333333 -0.557537
1-3-26 0.316542666666667 0.105773666666667 -0.716567
1-3-39 0.477847333333333 0.0391803333333334 -0.684761
1-3-36 0.459467333333333 0.149836333333333 -0.589343
1-3-35 0.453340666666667 0.186721666666667 -0.557537
1-3-37 0.465594 0.112951 -0.621149
1-3-38 0.471720666666667 0.0760656666666667 -0.652955
1-3-40 0.654154833333333 0.021825 -0.5360945
1-3-45 0.673715166666667 -0.182050666666667 -0.656825833333333
1-3-43 0.552046333333333 0.010107 -0.644378
1-3-44 0.518010166666667 0.00620100000000003 -0.6804725
1-3-48 0.682400666666667 -0.0573816666666667 -0.562730333333333
1-3-49 0.685295833333333 -0.0158253333333334 -0.531365166666667
1-3-41 0.620118666666667 0.017919 -0.572189
1-3-47 0.6795055 -0.098938 -0.5940955
1-3-42 0.5860825 0.014013 -0.6082835
1-3-46 0.676610333333333 -0.140494333333333 -0.625460666666667
1-4-3 0.451997333333333 -0.165136333333333 -0.814981
1-4-1 0.467985666666667 -0.0814206666666666 -0.765774
1-4-6 0.608538 -0.148306333333333 -0.697649666666667
1-4-7 0.577397 -0.110656 -0.702379
1-4-8 0.546256 -0.0730056666666666 -0.707108333333333
1-4-5 0.639679 -0.185956666666667 -0.692920333333333
1-4-9 0.515115 -0.0353553333333333 -0.711837666666667
1-4-2 0.4599915 -0.1232785 -0.7903775
1-4-0 0.475979833333333 -0.0395628333333333 -0.7411705
1-4-4 0.444003166666667 -0.206994166666667 -0.8395845
1-4-10 0.631684833333333 -0.2278145 -0.717523833333333
1-4-16 0.615463333333333 -0.407869000000012 -0.768741666666667
1-4-17 0.6293025 -0.361803500000009 -0.748604
1-4-18 0.643141666666667 -0.315738000000006 -0.728466333333333
1-4-19 0.656980833333333 -0.269672500000003 -0.708328666666667
1-4-15 0.601624166666667 -0.453934500000016 -0.788879333333333
1-4-11 0.592549666666667 -0.232022 -0.746856666666667
1-4-14 0.475144166666667 -0.2446445 -0.834855166666667
1-4-12 0.5534145 -0.2362295 -0.7761895
1-4-13 0.514279333333333 -0.240437 -0.805522333333333
1-4-23 0.351347666666667 -0.416284000000011 -0.922100666666667
1-4-20 0.414843666666667 -0.290710000000003 -0.878666166666667
1-4-21 0.393678333333333 -0.332568000000006 -0.893144333333333
1-4-26 0.537193 -0.416284000000012 -0.827407333333333
1-4-28 0.486601 -0.332568000000006 -0.845797666666667
1-4-29 0.461305 -0.290710000000003 -0.854992833333333
1-4-22 0.372513 -0.374426000000008 -0.9076225
1-4-25 0.562489 -0.458142000000016 -0.818212166666667
1-4-27 0.511897 -0.374426000000009 -0.8366025
1-4-24 0.330182333333333 -0.458142000000014 -0.936578833333333
1-4-30 0.541323666666667 -0.500000000000018 -0.832690333333333
1-4-33 0.401939666666667 -0.500000000000017 -0.903710333333333
1-4-34 0.355478333333333 -0.500000000000017 -0.927383666666667
1-4-32 0.448401 -0.500000000000018 -0.880037
1-4-31 0.494862333333333 -0.500000000000018 -0.856363666666667
1-4-39 0.7026505 -0.223607 -0.64438
1-4-37 0.7663115 -0.223607 -0.556758
1-4-41 0.826612333333333 -0.407868999999989 -0.533631666666667
1-4-42 0.83541 -0.361803499999991 -0.506555
1-4-43 0.844207666666667 -0.315737999999994 -0.479478333333333
1-4-44 0.853005333333333 -0.269672499999997 -0.452401666666667
1-4-40 0.817814666666667 -0.453934499999986 -0.560708333333333
1-4-38 0.734481 -0.223607 -0.600569
1-4-35 0.8299725 -0.223607 -0.469136
1-4-36 0.798142 -0.223607 -0.512947
1-4-49 0.693852833333333 -0.269672499999997 -0.671456666666667
1-4-48 0.716885666666667 -0.315737999999994 -0.654722333333333
1-4-45 0.785984166666667 -0.453934499999986 -0.604519333333333
1-4-47 0.7399185 -0.361803499999991 -0.637988
1-4-46 0.762951333333333 -0.407868999999989 -0.621253666666667
1-5-0 0.624657 -0.500000000000013 -0.772145
1-5-3 0.735273 -0.499999999999995 -0.661529
1-5-1 0.661529 -0.500000000000007 -0.735273
1-5-4 0.772145 -0.499999999999989 -0.624657
1-5-2 0.698401 -0.500000000000001 -0.698401
1-5-7 0.774997 -0.098938 -0.4626625
1-5-9 0.717126333333333 -0.0158253333333334 -0.487554166666667
1-5-11 0.841302333333333 -0.0730056666666666 -0.301012333333333
1-5-12 0.8464275 -0.110656 -0.3320905
1-5-14 0.856677833333333 -0.185956666666667 -0.394246833333333
1-5-5 0.832867666666667 -0.182050666666667 -0.437770833333333
1-5-8 0.746061666666667 -0.0573816666666667 -0.475108333333333
1-5-13 0.851552666666667 -0.148306333333333 -0.363168666666667
1-5-6 0.803932333333333 -0.140494333333333 -0.450216666666667
1-5-10 0.836177166666667 -0.0353553333333333 -0.269934166666667
1-5-16 0.783431666666667 0.010107 -0.325904
1-5-18 0.735811333333333 0.017919 -0.412952
1-5-19 0.712001166666667 0.021825 -0.456476
1-5-17 0.7596215 0.014013 -0.369428
1-5-15 0.807241833333333 0.00620100000000003 -0.28238
1-5-23 0.766767 0.0760656666666667 -0.246859333333333
1-5-21 0.702482 0.149836333333333 -0.254862666666667
1-5-20 0.6703395 0.186721666666667 -0.258864333333333
1-5-24 0.7989095 0.0391803333333334 -0.242857666666667
1-5-22 0.7346245 0.112951 -0.250861
1-5-29 0.818117166666667 0.0281646666666667 -0.199046666666667
1-5-27 0.7922475 0.079904 -0.119428000000001
1-5-28 0.805182333333333 0.0540343333333334 -0.159237333333334
1-5-26 0.779312666666667 0.105773666666667 -0.0796186666666682
1-5-25 0.766377833333333 0.131643333333333 -0.0398093333333353
1-5-30 0.776940333333333 0.122463166666667 -1.92052932166667E-15
1-5-32 0.823935 0.0523635 -1.154167965E-15
1-5-31 0.800437666666667 0.0874133333333333 -1.53734864333333E-15
1-5-34 0.870929666666667 -0.0177361666666667 -3.87806608333333E-16
1-5-33 0.847432333333333 0.0173136666666667 -7.70987286666667E-16
1-5-35 0.8416145 -0.00688516666666663 0.199046666666667
1-5-36 0.852177 -0.0160653333333333 0.159237333333333
1-5-38 0.873302 -0.0344256666666667 0.0796186666666667
1-5-37 0.8627395 -0.0252455 0.119428
1-5-39 0.8838645 -0.0436058333333333 0.0398093333333333
1-5-41 0.956626 -0.248852 0.049207
1-5-44 0.956626 -0.248852 -0.098414
1-5-46 0.91516 -0.118141333333333 0.049207
1-5-47 0.9255265 -0.150819 0.0738105
1-5-49 0.9462595 -0.216174333333333 0.1230175
1-5-45 0.9047935 -0.0854636666666667 0.0246035
1-5-48 0.935893 -0.183496666666667 0.098414
1-5-43 0.956626 -0.248852 -0.049207
1-5-42 0.956626 -0.248852 0
1-5-40 0.956626 -0.248852 0.098414
1-6-4 0.851981 -0.0395628333333333 -0.223650166666667
1-6-0 0.935697 -0.206994166666667 -0.162826833333333
1-6-2 0.893839 -0.1232785 -0.1932385
1-6-6 0.91516 -0.118141333333333 -0.049207
1-6-8 0.935893 -0.183496666666667 -0.098414
1-6-9 0.9462595 -0.216174333333333 -0.1230175
1-6-3 0.87291 -0.0814206666666666 -0.208444333333333
1-6-7 0.9255265 -0.150819 -0.0738105
1-6-1 0.914768 -0.165136333333333 -0.178032666666667
1-6-5 0.9047935 -0.0854636666666667 -0.0246035
1-6-14 0.8416145 -0.00688516666666662 -0.199046666666667
1-6-13 0.852177 -0.0160653333333333 -0.159237333333333
1-6-11 0.873302 -0.0344256666666666 -0.0796186666666667
1-6-10 0.8838645 -0.0436058333333333 -0.0398093333333333
1-6-12 0.8627395 -0.0252455 -0.119428
1-6-18 0.893410666666667 -0.232022 -0.332757
1-6-20 0.951985166666667 -0.458141999999984 -0.282117666666667
1-6-21 0.952913333333333 -0.416283999999987 -0.255218333333333
1-6-23 0.954769666666667 -0.332567999999994 -0.201419666666667
1-6-24 0.955697833333333 -0.290709999999997 -0.174520333333333
1-6-19 0.877606833333333 -0.2278145 -0.379041
1-6-22 0.9538415 -0.37442599999999 -0.228319
1-6-16 0.925018333333333 -0.240437 -0.240189
1-6-15 0.940822166666667 -0.2446445 -0.193905
1-6-17 0.9092145 -0.2362295 -0.286473
1-6-28 0.891554333333333 -0.315737999999994 -0.386555666666667
1-6-25 0.936181333333333 -0.453934499999984 -0.328401666666667
1-6-26 0.921305666666667 -0.407868999999987 -0.347786333333333
1-6-27 0.90643 -0.36180349999999 -0.367171
1-6-29 0.876678666666667 -0.269672499999997 -0.405940333333333
1-6-33 0.903710333333333 -0.499999999999982 -0.401939666666667
1-6-32 0.880037 -0.499999999999982 -0.448401
1-6-34 0.927383666666667 -0.499999999999981 -0.355478333333333
1-6-31 0.856363666666667 -0.499999999999982 -0.494862333333333
1-6-30 0.832690333333333 -0.499999999999983 -0.541323666666667
1-6-38 0.967371333333333 -0.499999999999993 -0.206011333333337
1-6-39 0.959214166666667 -0.499999999999987 -0.257514166666668
1-6-36 0.983685666666667 -0.500000000000005 -0.103005666666673
1-6-37 0.9755285 -0.499999999999999 -0.154508500000005
1-6-35 0.991842833333333 -0.500000000000011 -0.0515028333333413
1-6-40 0.992771 -0.458142000000014 -0.024603500000008
1-6-44 0.963855 -0.290710000000003 -0.123017500000002
1-6-43 0.971084 -0.332568000000006 -0.0984140000000032
1-6-41 0.985542 -0.416284000000011 -0.0492070000000064
1-6-42 0.978313 -0.374426000000008 -0.0738105000000048
1-6-49 0.992771 -0.458142000000014 0.024603499999992
1-7-1 0.952913333333333 -0.416284000000012 0.255218333333333
1-7-2 0.9538415 -0.374426000000009 0.228319
1-7-3 0.954769666666667 -0.332568000000006 0.201419666666667
1-7-4 0.955697833333333 -0.290710000000003 0.174520333333333
1-7-0 0.951985166666667 -0.458142000000016 0.282117666666667
1-6-47 0.978313 -0.374426000000008 0.0738104999999952
1-6-48 0.985542 -0.416284000000011 0.0492069999999936
1-6-46 0.971084 -0.332568000000006 0.0984139999999968
1-6-45 0.963855 -0.290710000000003 0.123017499999998
1-7-7 0.9755285 -0.500000000000018 0.154508499999995
1-7-6 0.967371333333333 -0.500000000000018 0.20601133333333
1-7-5 0.959214166666667 -0.500000000000018 0.257514166666665
1-7-9 0.991842833333333 -0.500000000000017 0.0515028333333254
1-7-8 0.983685666666667 -0.500000000000017 0.10300566666666
1-7-10 0.936181333333333 -0.453934500000016 0.328401666666667
1-7-14 0.876678666666667 -0.269672500000003 0.405940333333333
1-7-11 0.921305666666667 -0.407869000000012 0.347786333333333
1-7-12 0.90643 -0.361803500000009 0.367171
1-7-13 0.891554333333333 -0.315738000000006 0.386555666666667
1-7-18 0.925018333333333 -0.240437 0.240189
1-7-19 0.940822166666667 -0.2446445 0.193905
1-7-16 0.893410666666667 -0.232022 0.332757
1-7-15 0.877606833333333 -0.2278145 0.379041
1-7-17 0.9092145 -0.2362295 0.286473
1-7-23 0.0973716666666667 0.0540343333333334 0.814981
1-7-25 -0.00518416666666666 0.212591333333333 0.692920333333333
1-7-26 0.0424180666666667 0.201575666666667 0.697649666666667
1-7-28 0.137622533333333 0.179544333333333 0.707108333333333
1-7-29 0.185224766666667 0.168528666666667 0.711837666666667
1-7-24 0.0635078333333333 0.0281646666666667 0.8395845
1-7-22 0.1312355 0.079904 0.7903775
1-7-27 0.0900203 0.19056 0.702379
1-7-20 0.198963166666667 0.131643333333333 0.7411705
1-7-21 0.165099333333333 0.105773666666667 0.765774
1-7-30 -0.039048 0.186721666666667 0.717523833333333
1-7-34 0.0159056 0.0391803333333334 0.834855166666667
1-7-31 -0.0253096 0.149836333333333 0.746856666666667
1-7-32 -0.0115712 0.112951 0.7761895
1-7-33 0.0021672 0.0760656666666667 0.805522333333333
1-7-38 0.11336 -0.165136333333333 0.925011333333333
1-7-37 0.092431 -0.1232785 0.9098055
1-7-41 -0.08225 -0.148306333333333 0.922100666666667
1-7-42 -0.0542765 -0.110656 0.9076225
1-7-43 -0.026303 -0.0730056666666666 0.893144333333333
1-7-44 0.00167049999999999 -0.0353553333333333 0.878666166666667
1-7-40 -0.1102235 -0.185956666666667 0.936578833333333
1-7-39 0.134289 -0.206994166666667 0.940217166666667
1-7-36 0.071502 -0.0814206666666666 0.894599666666667
1-7-35 0.050573 -0.0395628333333333 0.879393833333333
1-7-46 0.111893666666667 -0.0160653333333333 0.859675666666667
1-7-49 0.235268166666667 -0.0436058333333333 0.852907166666667
1-7-48 0.194143333333333 -0.0344256666666667 0.855163333333333
1-7-47 0.1530185 -0.0252455 0.8574195
1-7-45 0.0707688333333333 -0.00688516666666663 0.861931833333333
2-0-1 -0.165362666666667 0.017919 0.827407333333333
2-0-0 -0.214114333333333 0.021825 0.818212166666667
2-0-3 -0.0678593333333333 0.010107 0.845797666666667
2-0-2 -0.116611 0.014013 0.8366025
2-0-4 -0.0191076666666667 0.00620100000000003 0.854992833333333
2-0-6 -0.179753333333333 -0.140494333333333 0.903710333333333
2-0-9 -0.242087833333333 -0.0158253333333334 0.832690333333333
2-0-11 -0.344208333333333 -0.223607 0.884119666666667
2-0-13 -0.241202666666667 -0.223607 0.917588333333333
2-0-14 -0.189699833333333 -0.223607 0.934322666666667
2-0-5 -0.158975166666667 -0.182050666666667 0.927383666666667
2-0-12 -0.2927055 -0.223607 0.900854
2-0-10 -0.395711166666667 -0.223607 0.867385333333333
2-0-7 -0.2005315 -0.098938 0.880037
2-0-8 -0.221309666666667 -0.0573816666666667 0.856363666666667
2-0-18 -0.324315333333333 -0.0573816666666667 0.822895
2-0-21 -0.503697333333333 -0.0730056666666666 0.738029
2-0-22 -0.4895765 -0.110656 0.7661845
2-0-23 -0.475455666666667 -0.148306333333333 0.79434
2-0-24 -0.461334833333333 -0.185956666666667 0.8224955
2-0-15 -0.416489333333333 -0.182050666666667 0.843712
2-0-19 -0.293590666666667 -0.0158253333333334 0.815956
2-0-20 -0.517818166666667 -0.0353553333333333 0.7098735
2-0-17 -0.35504 -0.098938 0.829834
2-0-16 -0.385764666666667 -0.140494333333333 0.836773
2-0-26 -0.442248 0.010107 0.724151
2-0-29 -0.3077115 0.021825 0.7878005
2-0-28 -0.352557 0.017919 0.766584
2-0-27 -0.3974025 0.014013 0.7453675
2-0-25 -0.4870935 0.00620100000000003 0.7029345
2-0-30 -0.563883666666667 -0.00688516666666663 0.655720166666667
2-0-35 -0.661287333333333 -0.206994166666667 0.681718
2-0-36 -0.635417666666667 -0.165136333333333 0.681718
2-0-38 -0.583678333333333 -0.0814206666666666 0.681718
2-0-39 -0.557808666666667 -0.0395628333333333 0.681718
2-0-34 -0.691662333333333 -0.0436058333333333 0.551728833333333
2-0-31 -0.595828333333333 -0.0160653333333333 0.629722333333333
2-0-37 -0.609548 -0.1232785 0.681718
2-0-32 -0.627773 -0.0252455 0.6037245
2-0-33 -0.659717666666667 -0.0344256666666667 0.577726666666667
2-0-42 -0.7921515 -0.150819 0.484297
2-0-40 -0.837847833333333 -0.216174333333333 0.456674333333333
2-0-41 -0.814999666666667 -0.183496666666667 0.470485666666667
2-0-47 -0.7739265 -0.248852 0.5622905
2-0-48 -0.802849666666667 -0.248852 0.522481333333333
2-0-49 -0.831772833333333 -0.248852 0.482672166666667
2-0-44 -0.746455166666667 -0.0854636666666667 0.511919666666667
2-0-46 -0.745003333333333 -0.248852 0.602099666666667
2-0-45 -0.716080166666667 -0.248852 0.641908833333333
2-0-43 -0.769303333333333 -0.118141333333333 0.498108333333333
2-1-0 -0.693232 -0.216174333333333 0.655720166666667
2-1-1 -0.699307 -0.183496666666667 0.629722333333333
2-1-3 -0.711457 -0.118141333333333 0.577726666666667
2-1-2 -0.705382 -0.150819 0.6037245
2-1-4 -0.717532 -0.0854636666666667 0.551728833333333
2-1-5 -0.643411833333333 0.131643333333333 0.4182595
2-1-9 -0.778867166666667 0.0281646666666667 0.3198455
2-1-7 -0.7111395 0.079904 0.3690525
2-1-12 -0.6665775 0.0523635 0.484297
2-1-13 -0.647567666666667 0.0874133333333333 0.470485666666667
2-1-14 -0.628557833333333 0.122463166666667 0.456674333333333
2-1-10 -0.704597166666667 -0.0177361666666667 0.511919666666667
2-1-11 -0.685587333333333 0.0173136666666667 0.498108333333333
2-1-8 -0.745003333333333 0.0540343333333334 0.344449
2-1-6 -0.677275666666667 0.105773666666667 0.393656
2-1-15 -0.738461 -0.0436058333333333 0.487316166666667
2-1-19 -0.797877 -0.00688516666666662 0.333656833333333
2-1-18 -0.783023 -0.0160653333333333 0.372071666666667
2-1-16 -0.753315 -0.0344256666666666 0.448901333333333
2-1-17 -0.768169 -0.0252455 0.4104865
2-1-23 -0.857558666666667 -0.0730056666666666 0.250981333333333
2-1-20 -0.924800166666667 -0.185956666666667 0.184590333333333
2-1-24 -0.835144833333333 -0.0353553333333333 0.273111666666667
2-1-21 -0.902386333333333 -0.148306333333333 0.206720666666667
2-1-27 -0.903955 -0.2362295 0.3026615
2-1-26 -0.889535333333333 -0.240437 0.349395333333333
2-1-29 -0.932794333333333 -0.2278145 0.209193833333333
2-1-22 -0.8799725 -0.110656 0.228851
2-1-25 -0.875115666666667 -0.2446445 0.396129166666667
2-1-28 -0.918374666666667 -0.232022 0.255927666666667
2-1-30 -0.852701833333333 -0.206994166666667 0.4182595
2-1-33 -0.828719333333333 -0.0814206666666666 0.344449
2-1-31 -0.844707666666667 -0.165136333333333 0.393656
2-1-32 -0.8367135 -0.1232785 0.3690525
2-1-34 -0.820725166666667 -0.0395628333333333 0.3198455
2-1-35 -0.935996833333333 -0.458141999999986 0.331324666666667
2-1-38 -0.890816333333333 -0.332567999999995 0.398247666666667
2-1-39 -0.875756166666667 -0.290709999999997 0.420555333333333
2-1-41 -0.856363666666667 -0.500000000000006 0.494862333333333
2-1-44 -0.927383666666667 -0.499999999999989 0.355478333333333
2-1-40 -0.832690333333333 -0.500000000000011 0.541323666666667
2-1-43 -0.903710333333333 -0.499999999999995 0.401939666666667
2-1-36 -0.920936666666667 -0.416283999999989 0.353632333333333
2-1-42 -0.880037 -0.5 0.448401
2-1-37 -0.9058765 -0.374425999999992 0.37594
2-1-45 -0.817630166666667 -0.458142000000014 0.563631333333333
2-1-46 -0.826243333333333 -0.416284000000011 0.539477666666667
2-1-47 -0.8348565 -0.374426000000008 0.515324
2-1-49 -0.852082833333333 -0.290710000000003 0.467016666666667
2-1-48 -0.843469666666667 -0.332568000000006 0.491170333333333
2-2-0 -0.604347 -0.458142000000013 0.7878005
2-2-6 -0.735273 -0.500000000000017 0.661529
2-2-7 -0.698401 -0.500000000000016 0.698401
2-2-8 -0.661529 -0.500000000000016 0.735273
2-2-9 -0.624657 -0.500000000000016 0.772145
2-2-5 -0.772145 -0.500000000000017 0.624657
2-2-4 -0.670595 -0.290710000000003 0.7029345
2-2-1 -0.620909 -0.416284000000011 0.766584
2-2-2 -0.637471 -0.374426000000008 0.7453675
2-2-3 -0.654033 -0.332568000000005 0.724151
2-2-10 -0.788707 -0.458142000000014 0.6034405
2-2-14 -0.707467 -0.290710000000003 0.6660625
2-2-11 -0.768397 -0.416284000000011 0.619096
2-2-12 -0.748087 -0.374426000000008 0.6347515
2-2-13 -0.727777 -0.332568000000006 0.650407
2-2-18 -0.527195 -0.232022 0.79434
2-2-17 -0.5671855 -0.2362295 0.7661845
2-2-15 -0.6471665 -0.2446445 0.7098735
2-2-19 -0.4872045 -0.2278145 0.8224955
2-2-16 -0.607176 -0.240437 0.738029
2-2-24 -0.4706425 -0.269672500000003 0.843712
2-2-25 -0.355478333333333 -0.499999999999988 0.927383666666667
2-2-27 -0.448401 -0.499999999999999 0.880037
2-2-28 -0.494862333333333 -0.500000000000005 0.856363666666667
2-2-29 -0.541323666666667 -0.50000000000001 0.832690333333333
2-2-20 -0.5643565 -0.453934500000013 0.815956
2-2-21 -0.540928 -0.407869000000011 0.822895
2-2-26 -0.401939666666667 -0.499999999999994 0.903710333333333
2-2-22 -0.5174995 -0.361803500000008 0.829834
2-2-23 -0.494071 -0.315738000000005 0.836773
2-2-31 -0.355082666666667 -0.407868999999988 0.917588333333333
2-2-33 -0.401148333333333 -0.315737999999994 0.884119666666667
2-2-34 -0.424181166666667 -0.269672499999997 0.867385333333333
2-2-32 -0.3781155 -0.361803499999991 0.900854
2-2-30 -0.332049833333333 -0.453934499999986 0.934322666666667
2-2-35 -0.280547 -0.453934499999986 0.951057
2-2-36 -0.252077 -0.407868999999988 0.951057
2-2-39 -0.166667 -0.269672499999997 0.951057
2-2-41 -0.103005666666642 -0.499999999999983 0.983685666666667
2-2-42 -0.154508499999981 -0.499999999999983 0.9755285
2-2-43 -0.206011333333321 -0.499999999999983 0.967371333333333
2-2-38 -0.195137 -0.315737999999994 0.951057
2-2-44 -0.25751416666666 -0.499999999999983 0.959214166666667
2-2-37 -0.223607 -0.361803499999991 0.951057
2-2-40 -0.0515028333333019 -0.499999999999983 0.991842833333333
2-2-48 0.057413 -0.240437 0.953967666666667
2-2-49 0.1063155 -0.2446445 0.954695333333333
2-3-1 -0.0460656666666415 -0.407868999999989 0.983685666666667
2-3-3 -0.0921313333333207 -0.315737999999994 0.967371333333333
2-3-4 -0.11516416666666 -0.269672499999997 0.959214166666667
2-3-0 -0.0230328333333019 -0.453934499999986 0.991842833333333
2-3-2 -0.0690984999999811 -0.361803499999992 0.9755285
2-2-45 -0.0892945 -0.2278145 0.951784666666667
2-2-46 -0.040392 -0.232022 0.952512333333333
2-2-47 0.0085105 -0.2362295 0.95324
2-3-5 0.0258696666666981 -0.458141999999986 0.9925705
2-3-8 0.103478666666679 -0.332567999999994 0.970282
2-3-6 0.0517393333333585 -0.416283999999989 0.985141
2-3-7 0.0776090000000189 -0.374425999999992 0.9777115
2-3-9 0.12934833333334 -0.290709999999997 0.9628525
2-3-12 0.154508500000019 -0.5 0.9755285
2-3-14 0.257514166666673 -0.500000000000011 0.959214166666667
2-3-11 0.103005666666692 -0.499999999999995 0.983685666666667
2-3-13 0.206011333333346 -0.500000000000006 0.967371333333333
2-3-10 0.0515028333333648 -0.499999999999989 0.991842833333333
2-3-20 -0.991842833333333 -0.499999999999983 0.0515028333333106
2-3-16 -0.949776 -0.407868999999989 0.260164666666667
2-3-21 -0.983685666666667 -0.499999999999983 0.103005666666648
2-3-22 -0.9755285 -0.499999999999983 0.154508499999986
2-3-24 -0.959214166666667 -0.499999999999983 0.257514166666662
2-3-15 -0.9504165 -0.453934499999986 0.284590833333333
2-3-23 -0.967371333333333 -0.499999999999983 0.206011333333324
2-3-17 -0.9491355 -0.361803499999992 0.2357385
2-3-18 -0.948495 -0.315737999999995 0.211312333333333
2-3-19 -0.9478545 -0.269672499999997 0.186886166666667
2-3-30 -0.956011666666667 -0.269672499999997 -0.135383333333338
2-3-26 -0.982404666666667 -0.407868999999989 0.0541533333333151
2-3-28 -0.964809333333333 -0.315737999999994 0.108306666666658
2-3-29 -0.956011666666667 -0.269672499999997 0.135383333333329
2-3-33 -0.982404666666667 -0.407868999999989 -0.0541533333333516
2-3-34 -0.991202333333333 -0.453934499999986 -0.0270766666666895
2-3-27 -0.973607 -0.361803499999991 0.0812299999999863
2-3-32 -0.973607 -0.361803499999991 -0.0812300000000137
2-3-25 -0.991202333333333 -0.453934499999986 0.0270766666666439
2-3-31 -0.964809333333333 -0.315737999999994 -0.108306666666676
2-3-38 -0.882838666666667 -0.0573816666666667 0.0541533333333188
2-3-39 -0.866744833333333 -0.0158253333333334 0.0270766666666485
2-3-41 -0.947214 -0.223607 -0.0541533333333333
2-3-43 -0.947214 -0.223607 0.0541533333333333
2-3-44 -0.947214 -0.223607 0.108306666666667
2-3-35 -0.931120166666667 -0.182050666666667 0.13538333333333
2-3-42 -0.947214 -0.223607 0
2-3-36 -0.915026333333333 -0.140494333333333 0.108306666666659
2-3-37 -0.8989325 -0.098938 0.0812299999999891
2-3-40 -0.947214 -0.223607 -0.108306666666667
2-3-48 -0.882838666666667 -0.0573816666666667 -0.0541533333333478
2-4-1 -0.857558666666667 -0.0730056666666666 -0.250981333333333
2-4-2 -0.8799725 -0.110656 -0.228851
2-4-3 -0.902386333333333 -0.148306333333333 -0.206720666666667
2-4-4 -0.924800166666667 -0.185956666666667 -0.184590333333333
2-3-46 -0.915026333333333 -0.140494333333333 -0.108306666666674
2-3-49 -0.866744833333333 -0.0158253333333334 -0.0270766666666848
2-4-0 -0.835144833333333 -0.0353553333333333 -0.273111666666667
2-3-47 -0.8989325 -0.098938 -0.0812300000000109
2-3-45 -0.931120166666667 -0.182050666666667 -0.135383333333337
2-4-6 -0.825371 0.010107 -0.196828000000007
2-4-10 -0.694471833333333 0.186721666666667 -0.184590333333333
2-4-7 -0.831691 0.014013 -0.147621000000011
2-4-12 -0.7417755 0.112951 -0.228851
2-4-13 -0.765427333333333 0.0760656666666667 -0.250981333333333
2-4-9 -0.844331 0.021825 -0.0492070000000182
2-4-14 -0.789079166666667 0.0391803333333334 -0.273111666666667
2-4-8 -0.838011 0.017919 -0.0984140000000145
2-4-11 -0.718123666666667 0.149836333333333 -0.206720666666667
2-4-5 -0.819051 0.00620100000000003 -0.246035000000004
2-4-16 -0.730763666666667 0.157648333333333 -0.108306666666674
2-4-19 -0.820679166666667 0.0587103333333333 -0.0270766666666848
2-4-15 -0.700791833333333 0.190627666666667 -0.135383333333337
2-4-18 -0.790707333333333 0.0916896666666666 -0.0541533333333478
2-4-17 -0.7607355 0.124669 -0.0812300000000109
2-4-23 -0.825371 0.010107 0.196827999999993
2-4-22 -0.831691 0.014013 0.147620999999989
2-4-25 -0.700791833333333 0.190627666666667 0.13538333333333
2-4-20 -0.844331 0.021825 0.0492069999999819
2-4-24 -0.819051 0.00620100000000003 0.246034999999996
2-4-28 -0.790707333333333 0.0916896666666666 0.0541533333333188
2-4-21 -0.838011 0.017919 0.0984139999999855
2-4-26 -0.730763666666667 0.157648333333333 0.108306666666659
2-4-29 -0.820679166666667 0.0587103333333333 0.0270766666666485
2-4-27 -0.7607355 0.124669 0.0812299999999891
2-4-30 -0.694471833333333 0.186721666666667 0.184590333333333
2-4-32 -0.7417755 0.112951 0.228851
2-4-31 -0.718123666666667 0.149836333333333 0.206720666666667
2-4-34 -0.789079166666667 0.0391803333333334 0.273111666666667
2-4-33 -0.765427333333333 0.0760656666666667 0.250981333333333
2-4-36 -0.753315 -0.0344256666666666 -0.448901333333333
2-4-39 -0.797877 -0.00688516666666662 -0.333656833333333
2-4-41 -0.647567666666667 0.0874133333333333 -0.470485666666667
2-4-43 -0.685587333333333 0.0173136666666667 -0.498108333333333
2-4-44 -0.704597166666667 -0.0177361666666667 -0.511919666666667
2-4-40 -0.628557833333333 0.122463166666667 -0.456674333333333
2-4-42 -0.6665775 0.0523635 -0.484297
2-4-37 -0.768169 -0.0252455 -0.4104865
2-4-35 -0.738461 -0.0436058333333333 -0.487316166666667
2-4-38 -0.783023 -0.0160653333333333 -0.372071666666667
2-4-45 -0.643411833333333 0.131643333333333 -0.4182595
2-4-48 -0.745003333333333 0.0540343333333334 -0.344449
2-4-46 -0.677275666666667 0.105773666666667 -0.393656
2-4-47 -0.7111395 0.079904 -0.3690525
2-4-49 -0.778867166666667 0.0281646666666667 -0.3198455
2-5-4 -0.4870935 0.00620100000000003 -0.7029345
2-5-5 -0.416489333333333 -0.182050666666667 -0.843712
2-5-0 -0.3077115 0.021825 -0.7878005
2-5-6 -0.385764666666667 -0.140494333333333 -0.836773
2-5-8 -0.324315333333333 -0.0573816666666667 -0.822895
2-5-9 -0.293590666666667 -0.0158253333333334 -0.815956
2-5-1 -0.352557 0.017919 -0.766584
2-5-7 -0.35504 -0.098938 -0.829834
2-5-2 -0.3974025 0.014013 -0.7453675
2-5-3 -0.442248 0.010107 -0.724151
2-5-14 -0.661287333333333 -0.206994166666667 -0.681718
2-5-15 -0.461334833333333 -0.185956666666667 -0.8224955
2-5-16 -0.475455666666667 -0.148306333333333 -0.79434
2-5-17 -0.4895765 -0.110656 -0.7661845
2-5-18 -0.503697333333333 -0.0730056666666666 -0.738029
2-5-19 -0.517818166666667 -0.0353553333333333 -0.7098735
2-5-13 -0.635417666666667 -0.165136333333333 -0.681718
2-5-12 -0.609548 -0.1232785 -0.681718
2-5-10 -0.557808666666667 -0.0395628333333333 -0.681718
2-5-11 -0.583678333333333 -0.0814206666666666 -0.681718
2-5-23 -0.607176 -0.240437 -0.738029
2-5-21 -0.527195 -0.232022 -0.79434
2-5-26 -0.540928 -0.407869000000012 -0.822895
2-5-28 -0.494071 -0.315738000000006 -0.836773
2-5-29 -0.4706425 -0.269672500000003 -0.843712
2-5-20 -0.4872045 -0.2278145 -0.8224955
2-5-25 -0.5643565 -0.453934500000016 -0.815956
2-5-27 -0.5174995 -0.361803500000009 -0.829834
2-5-24 -0.6471665 -0.2446445 -0.7098735
2-5-22 -0.5671855 -0.2362295 -0.7661845
2-5-31 -0.745003333333333 -0.248852 -0.602099666666667
2-5-33 -0.802849666666667 -0.248852 -0.522481333333333
2-5-36 -0.711457 -0.118141333333333 -0.577726666666667
2-5-38 -0.699307 -0.183496666666667 -0.629722333333333
2-5-37 -0.705382 -0.150819 -0.6037245
2-5-30 -0.716080166666667 -0.248852 -0.641908833333333
2-5-35 -0.717532 -0.0854636666666667 -0.551728833333333
2-5-39 -0.693232 -0.216174333333333 -0.655720166666667
2-5-34 -0.831772833333333 -0.248852 -0.482672166666667
2-5-32 -0.7739265 -0.248852 -0.5622905
2-5-40 -0.563883666666667 -0.00688516666666663 -0.655720166666667
2-5-41 -0.595828333333333 -0.0160653333333333 -0.629722333333333
2-5-43 -0.659717666666667 -0.0344256666666667 -0.577726666666667
2-5-44 -0.691662333333333 -0.0436058333333333 -0.551728833333333
2-5-42 -0.627773 -0.0252455 -0.6037245
2-5-48 -0.814999666666667 -0.183496666666667 -0.470485666666667
2-5-46 -0.769303333333333 -0.118141333333333 -0.498108333333333
2-5-47 -0.7921515 -0.150819 -0.484297
2-5-49 -0.837847833333333 -0.216174333333333 -0.456674333333333
2-5-45 -0.746455166666667 -0.0854636666666667 -0.511919666666667
2-6-0 -0.852701833333333 -0.206994166666667 -0.4182595
2-6-2 -0.8367135 -0.1232785 -0.3690525
2-6-1 -0.844707666666667 -0.165136333333333 -0.393656
2-6-4 -0.820725166666667 -0.0395628333333333 -0.3198455
2-6-3 -0.828719333333333 -0.0814206666666666 -0.344449
2-6-6 -0.889535333333333 -0.240437 -0.349395333333333
2-6-10 -0.935996833333333 -0.458141999999984 -0.331324666666667
2-6-5 -0.875115666666667 -0.2446445 -0.396129166666667
2-6-11 -0.920936666666667 -0.416283999999987 -0.353632333333333
2-6-12 -0.9058765 -0.37442599999999 -0.37594
2-6-13 -0.890816333333333 -0.332567999999994 -0.398247666666667
2-6-14 -0.875756166666667 -0.290709999999997 -0.420555333333333
2-6-8 -0.918374666666667 -0.232022 -0.255927666666667
2-6-9 -0.932794333333333 -0.2278145 -0.209193833333333
2-6-7 -0.903955 -0.2362295 -0.3026615
2-6-15 -0.9504165 -0.453934499999984 -0.284590833333333
2-6-18 -0.948495 -0.315737999999994 -0.211312333333333
2-6-17 -0.9491355 -0.36180349999999 -0.2357385
2-6-16 -0.949776 -0.407868999999987 -0.260164666666667
2-6-19 -0.9478545 -0.269672499999997 -0.186886166666667
2-6-20 -0.959214166666667 -0.499999999999981 -0.257514166666671
2-6-21 -0.967371333333333 -0.499999999999982 -0.206011333333342
2-6-22 -0.9755285 -0.499999999999982 -0.154508500000014
2-6-23 -0.983685666666667 -0.499999999999982 -0.103005666666685
2-6-24 -0.991842833333333 -0.499999999999983 -0.0515028333333561
2-6-28 -0.903710333333333 -0.499999999999993 -0.401939666666667
2-6-26 -0.856363666666667 -0.500000000000005 -0.494862333333333
2-6-27 -0.880037 -0.499999999999999 -0.448401
2-6-25 -0.832690333333333 -0.500000000000011 -0.541323666666667
2-6-29 -0.927383666666667 -0.499999999999987 -0.355478333333333
2-6-33 -0.843469666666667 -0.332568000000006 -0.491170333333333
2-6-31 -0.826243333333333 -0.416284000000011 -0.539477666666667
2-6-35 -0.707467 -0.290710000000003 -0.6660625
2-6-37 -0.748087 -0.374426000000008 -0.6347515
2-6-38 -0.768397 -0.416284000000011 -0.619096
2-6-39 -0.788707 -0.458142000000014 -0.6034405
2-6-32 -0.8348565 -0.374426000000008 -0.515324
2-6-36 -0.727777 -0.332568000000006 -0.650407
2-6-30 -0.817630166666667 -0.458142000000014 -0.563631333333333
2-6-34 -0.852082833333333 -0.290710000000003 -0.467016666666667
2-6-44 -0.670595 -0.290710000000003 -0.7029345
2-6-42 -0.637471 -0.374426000000009 -0.7453675
2-6-43 -0.654033 -0.332568000000006 -0.724151
2-6-41 -0.620909 -0.416284000000012 -0.766584
2-6-40 -0.604347 -0.458142000000016 -0.7878005
2-6-46 -0.661529 -0.500000000000018 -0.735273
2-6-48 -0.735273 -0.500000000000017 -0.661529
2-6-47 -0.698401 -0.500000000000018 -0.698401
2-6-45 -0.624657 -0.500000000000018 -0.772145
2-6-49 -0.772145 -0.500000000000017 -0.624657
2-7-1 -0.494862333333333 -0.500000000000007 -0.856363666666667
2-7-3 -0.401939666666667 -0.499999999999995 -0.903710333333333
2-7-4 -0.355478333333333 -0.499999999999989 -0.927383666666667
2-7-0 -0.541323666666667 -0.500000000000013 -0.832690333333333
2-7-2 -0.448401 -0.500000000000001 -0.880037
2-7-6 -0.355082666666667 -0.407868999999989 -0.917588333333333
2-7-8 -0.401148333333333 -0.315737999999994 -0.884119666666667
2-7-9 -0.424181166666667 -0.269672499999997 -0.867385333333333
2-7-7 -0.3781155 -0.361803499999991 -0.900854
2-7-5 -0.332049833333333 -0.453934499999986 -0.934322666666667
2-7-10 -0.0230328333334045 -0.453934500000013 -0.991842833333333
2-7-14 -0.115164166666681 -0.269672500000003 -0.959214166666667
2-7-12 -0.0690985000000427 -0.361803500000008 -0.9755285
2-7-17 -0.154508500000043 -0.499999999999999 -0.9755285
2-7-18 -0.103005666666724 -0.500000000000005 -0.983685666666667
2-7-16 -0.206011333333362 -0.499999999999994 -0.967371333333333
2-7-19 -0.0515028333334046 -0.50000000000001 -0.991842833333333
2-7-11 -0.0460656666667236 -0.407869000000011 -0.983685666666667
2-7-13 -0.0921313333333618 -0.315738000000005 -0.967371333333333
2-7-15 -0.257514166666681 -0.499999999999988 -0.959214166666667
2-7-24 -0.166667 -0.269672499999997 -0.951057
2-7-21 -0.252077 -0.407868999999989 -0.951057
2-7-20 -0.280547 -0.453934499999986 -0.951057
2-7-22 -0.223607 -0.361803499999991 -0.951057
2-7-23 -0.195137 -0.315737999999994 -0.951057
2-7-29 -0.395711166666667 -0.223607 -0.867385333333333
2-7-25 -0.189699833333333 -0.223607 -0.934322666666667
2-7-26 -0.241202666666667 -0.223607 -0.917588333333333
2-7-27 -0.2927055 -0.223607 -0.900854
2-7-28 -0.344208333333333 -0.223607 -0.884119666666667
2-7-31 -0.179753333333333 -0.140494333333333 -0.903710333333333
2-7-34 -0.242087833333333 -0.0158253333333334 -0.832690333333333
2-7-32 -0.2005315 -0.098938 -0.880037
2-7-30 -0.158975166666667 -0.182050666666667 -0.927383666666667
2-7-33 -0.221309666666667 -0.0573816666666667 -0.856363666666667
2-7-39 -0.1102235 -0.185956666666667 -0.936578833333333
2-7-40 0.134289 -0.206994166666667 -0.940217166666667
2-7-42 0.092431 -0.1232785 -0.9098055
2-7-41 0.11336 -0.165136333333333 -0.925011333333333
2-7-44 0.050573 -0.0395628333333333 -0.879393833333333
2-7-35 0.0016705 -0.0353553333333333 -0.878666166666667
2-7-43 0.071502 -0.0814206666666666 -0.894599666666667
2-7-36 -0.026303 -0.0730056666666666 -0.893144333333333
2-7-37 -0.0542765 -0.110656 -0.9076225
2-7-38 -0.08225 -0.148306333333333 -0.922100666666667
2-7-45 0.1063155 -0.2446445 -0.954695333333333
2-7-46 0.057413 -0.240437 -0.953967666666667
2-7-47 0.0085105 -0.2362295 -0.95324
2-7-48 -0.040392 -0.232022 -0.952512333333333
2-7-49 -0.0892945 -0.2278145 -0.951784666666667
3-0-1 0.0517393333332764 -0.416284000000011 -0.985141
3-0-2 0.0776089999999573 -0.374426000000008 -0.9777115
3-0-7 0.154508499999957 -0.500000000000016 -0.9755285
3-0-8 0.10300566666661 -0.500000000000016 -0.983685666666667
3-0-9 0.0515028333332621 -0.500000000000016 -0.991842833333333
3-0-0 0.0258696666665955 -0.458142000000013 -0.9925705
3-0-6 0.206011333333305 -0.500000000000017 -0.967371333333333
3-0-5 0.257514166666652 -0.500000000000017 -0.959214166666667
3-0-4 0.129348333333319 -0.290710000000003 -0.9628525
3-0-3 0.103478666666638 -0.332568000000005 -0.970282
3-0-11 0.257750666666667 -0.416284000000011 -0.952512333333333
3-0-14 0.180851166666667 -0.290710000000003 -0.954695333333333
3-0-10 0.283383833333333 -0.458142000000014 -0.951784666666667
3-0-12 0.2321175 -0.374426000000008 -0.95324
3-0-13 0.206484333333333 -0.332568000000006 -0.953967666666667
3-0-16 0.342412 -0.248852 -0.894599666666667
3-0-18 0.248815 -0.248852 -0.925011333333333
3-0-20 0.302995666666667 -0.0854636666666667 -0.852907166666667
3-0-21 0.329598333333333 -0.118141333333333 -0.855163333333333
3-0-22 0.356201 -0.150819 -0.8574195
3-0-24 0.409406333333333 -0.216174333333333 -0.861931833333333
3-0-17 0.2956135 -0.248852 -0.9098055
3-0-23 0.382803666666667 -0.183496666666667 -0.859675666666667
3-0-15 0.3892105 -0.248852 -0.879393833333333
3-0-19 0.2020165 -0.248852 -0.940217166666667
3-0-26 0.236001333333333 -0.118141333333333 -0.885575
3-0-27 0.2158055 -0.150819 -0.903037
3-0-29 0.175413833333333 -0.216174333333333 -0.937961
3-0-28 0.195609666666667 -0.183496666666667 -0.920499
3-0-25 0.256197166666667 -0.0854636666666667 -0.868113
3-0-34 0.0707688333333333 -0.00688516666666662 -0.861931833333333
3-0-32 0.1530185 -0.0252455 -0.8574195
3-0-36 0.247349 0.0874133333333333 -0.761261666666667
3-0-38 0.261871 0.0173136666666667 -0.805956333333333
3-0-39 0.269132 -0.0177361666666667 -0.828303666666667
3-0-35 0.240088 0.122463166666667 -0.738914333333333
3-0-37 0.25461 0.0523635 -0.783609
3-0-31 0.194143333333333 -0.0344256666666666 -0.855163333333333
3-0-30 0.235268166666667 -0.0436058333333333 -0.852907166666667
3-0-33 0.111893666666667 -0.0160653333333333 -0.859675666666667
3-0-41 0.414780333333333 -0.0160653333333333 -0.761261666666667
3-0-40 0.449377166666667 -0.00688516666666663 -0.738914333333333
3-0-44 0.310989833333333 -0.0436058333333333 -0.828303666666667
3-0-43 0.345586666666667 -0.0344256666666667 -0.805956333333333
3-0-42 0.3801835 -0.0252455 -0.783609
3-0-45 0.198963166666667 0.131643333333333 -0.7411705
3-0-47 0.1312355 0.079904 -0.7903775
3-0-49 0.0635078333333333 0.0281646666666667 -0.8395845
3-0-48 0.0973716666666667 0.0540343333333334 -0.814981
3-0-46 0.165099333333333 0.105773666666667 -0.765774


### Groups

[]

### Patterns

[]